Element, Terminal, P(kW), Q(kvar),  P_Normal, Q_Normal, P_Emergency, Q_Emergency
"Transformer.SED022"    ,   1,         3.4,         0.0,         0.0,         0.0,         0.0,         0.0
"Transformer.SED022"    ,   2,        -3.4,        -0.0
"Line.TBT001"           ,   1,         3.2,         0.0,         0.0,         0.0,         0.0,         0.0
"Line.TBT001"           ,   2,        -3.2,        -0.0
"Line.TBT002"           ,   1,         3.0,         0.0,         0.0,         0.0,         0.0,         0.0
"Line.TBT002"           ,   2,        -2.9,        -0.0
"Line.TBT003"           ,   1,         2.7,         0.0,         0.0,         0.0,         0.0,         0.0
"Line.TBT003"           ,   2,        -2.7,        -0.0
"Line.TBT004"           ,   1,         2.5,         0.0,         0.0,         0.0,         0.0,         0.0
"Line.TBT004"           ,   2,        -2.5,        -0.0
"Line.TBT005"           ,   1,         2.2,         0.0,         0.0,         0.0,         0.0,         0.0
"Line.TBT005"           ,   2,        -2.2,        -0.0
"Line.TBT006"           ,   1,         2.0,         0.0,         0.0,         0.0,         0.0,         0.0
"Line.TBT006"           ,   2,        -2.0,        -0.0
"Line.TBT007"           ,   1,         1.7,         0.0,         0.0,         0.0,         0.0,         0.0
"Line.TBT007"           ,   2,        -1.7,        -0.0
"Line.TBT008"           ,   1,         1.5,         0.0,         0.0,         0.0,         0.0,         0.0
"Line.TBT008"           ,   2,        -1.5,        -0.0
"Line.TBT009"           ,   1,         1.2,         0.0,         0.0,         0.0,         0.0,         0.0
"Line.TBT009"           ,   2,        -1.2,        -0.0
"Line.TBT010"           ,   1,         1.0,         0.0,         0.0,         0.0,         0.0,         0.0
"Line.TBT010"           ,   2,        -1.0,        -0.0
"Line.TBT011"           ,   1,         0.7,         0.0,         0.0,         0.0,         0.0,         0.0
"Line.TBT011"           ,   2,        -0.7,        -0.0
"Line.TBT012"           ,   1,         0.5,         0.0,         0.0,         0.0,         0.0,         0.0
"Line.TBT012"           ,   2,        -0.5,        -0.0
"Line.TBT013"           ,   1,         0.2,         0.0,         0.0,         0.0,         0.0,         0.0
"Line.TBT013"           ,   2,        -0.2,         0.0
"Load.LOAD1"            ,   1,         0.2,        -0.0
"Load.LOAD2"            ,   1,         0.2,        -0.0
"Load.LOAD3"            ,   1,         0.2,         0.0
"Load.LOAD4"            ,   1,         0.2,         0.0
"Load.LOAD5"            ,   1,         0.2,         0.0
"Load.LOAD6"            ,   1,         0.2,        -0.0
"Load.LOAD7"            ,   1,         0.2,        -0.0
"Load.LOAD8"            ,   1,         0.2,         0.0
"Load.LOAD9"            ,   1,         0.2,         0.0
"Load.LOAD10"           ,   1,         0.2,         0.0
"Load.LOAD11"           ,   1,         0.2,         0.0
"Load.LOAD12"           ,   1,         0.2,        -0.0
"Load.LOAD13"           ,   1,         0.2,         0.0
"Load.LOAD14"           ,   1,         0.2,        -0.0
