
SYMMETRICAL COMPONENT CURRENTS BY CIRCUIT ELEMENT (first 3 phases)

Element                     Term      I1         I2         %I2/I1    I0         %I0/I1   %Normal %Emergency

"VSOURCE.SOURCE" ..........   1     0.66999   3.2097E-010     0.00  1.144E-011     0.00      0.00     0.00
   -                          2     0.66999   3.2097E-010     0.00  1.144E-011     0.00      0.00     0.00
"TRANSFORMER.SED022" ......   1     0.66999   3.2618E-010     0.00  8.6142E-015     0.00     11.08     8.12
   -                          2      31.977   1.6489E-008     0.00  7.5768E-011     0.00      0.00     0.00
"LINE.TBT001" .............   1      29.358   1.5303E-008     0.00  9.7259E-011     0.00      7.34     4.89
   -                          2      29.358   1.5303E-008     0.00  9.7266E-011     0.00      0.00     0.00
"LINE.TBT002" .............   1      26.628   1.388E-008     0.00  8.8295E-011     0.00      6.66     4.44
   -                          2      26.628   1.388E-008     0.00  8.8279E-011     0.00      0.00     0.00
"LINE.TBT003" .............   1      24.064   1.2544E-008     0.00  7.9777E-011     0.00      6.02     4.01
   -                          2      24.064   1.2544E-008     0.00  7.9923E-011     0.00      0.00     0.00
"LINE.TBT004" .............   1       21.53   1.1222E-008     0.00  7.1536E-011     0.00      5.38     3.59
   -                          2       21.53   1.1222E-008     0.00  7.1561E-011     0.00      0.00     0.00
"LINE.TBT005" .............   1       19.13   9.9715E-009     0.00  6.3602E-011     0.00      4.78     3.19
   -                          2       19.13   9.9715E-009     0.00  6.3618E-011     0.00      0.00     0.00
"LINE.TBT006" .............   1      16.818   8.7664E-009     0.00  5.5994E-011     0.00      4.20     2.80
   -                          2      16.818   8.7664E-009     0.00  5.5977E-011     0.00      0.00     0.00
"LINE.TBT007" .............   1      14.611   7.6159E-009     0.00  4.8632E-011     0.00      3.65     2.44
   -                          2      14.611   7.6159E-009     0.00  4.8615E-011     0.00      0.00     0.00
"LINE.TBT008" .............   1      12.435   6.4817E-009     0.00  4.1511E-011     0.00      3.11     2.07
   -                          2      12.435   6.4817E-009     0.00  4.1517E-011     0.00      0.00     0.00
"LINE.TBT009" .............   1      10.316   5.3773E-009     0.00  3.4437E-011     0.00      2.58     1.72
   -                          2      10.316   5.3773E-009     0.00  3.4494E-011     0.00      0.00     0.00
"LINE.TBT010" .............   1      8.2296   4.2899E-009     0.00  2.7495E-011     0.00      2.06     1.37
   -                          2      8.2296   4.2898E-009     0.00  2.7457E-011     0.00      0.00     0.00
"LINE.TBT011" .............   1      6.1607   3.2114E-009     0.00  2.0452E-011     0.00      1.54     1.03
   -                          2      6.1607   3.2113E-009     0.00  2.0434E-011     0.00      0.00     0.00
"LINE.TBT012" .............   1      4.1004   2.1374E-009     0.00  1.3562E-011     0.00      1.03     0.68
   -                          2      4.1004   2.1374E-009     0.00  1.3604E-011     0.00      0.00     0.00
"LINE.TBT013" .............   1      2.0488   1.068E-009     0.00  6.8779E-012     0.00      0.51     0.34
   -                          2      2.0488   1.068E-009     0.00  6.7472E-012     0.00      0.00     0.00
"LOAD.LOAD1" ..............   1      2.6255   1.1891E-009     0.00  1.7078E-010     0.00      0.00     0.00
"LOAD.LOAD2" ..............   1      2.7353   1.4258E-009     0.00  9.0942E-012     0.00      0.00     0.00
"LOAD.LOAD3" ..............   1      2.5664   1.3378E-009     0.00  8.5285E-012     0.00      0.00     0.00
"LOAD.LOAD4" ..............   1      2.5377   1.3228E-009     0.00  8.4321E-012     0.00      0.00     0.00
"LOAD.LOAD5" ..............   1      2.4017   1.2519E-009     0.00  7.9794E-012     0.00      0.00     0.00
"LOAD.LOAD6" ..............   1      2.3128   1.2056E-009     0.00  7.6862E-012     0.00      0.00     0.00
"LOAD.LOAD7" ..............   1      2.2073   1.1506E-009     0.00  7.3411E-012     0.00      0.00     0.00
"LOAD.LOAD8" ..............   1      2.1763   1.1344E-009     0.00  7.2406E-012     0.00      0.00     0.00
"LOAD.LOAD9" ..............   1       2.119   1.1045E-009     0.00  7.0556E-012     0.00      0.00     0.00
"LOAD.LOAD10" .............   1      2.0862   1.0875E-009     0.00  6.9506E-012     0.00      0.00     0.00
"LOAD.LOAD11" .............   1      2.0688   1.0784E-009     0.00  6.8949E-012     0.00      0.00     0.00
"LOAD.LOAD12" .............   1      2.0603   1.074E-009     0.00  6.8678E-012     0.00      0.00     0.00
"LOAD.LOAD13" .............   1      2.0516   1.0694E-009     0.00  6.8405E-012     0.00      0.00     0.00
"LOAD.LOAD14" .............   1      2.0488   1.068E-009     0.00  6.8317E-012     0.00      0.00     0.00
